         1                    0                  225                  186
         2                    1                  254                  221
         3                    2                  254                  219
         4                    3                  243                  222
         5                    4                  218                  219
         6                    5                  216                  225
         7                    6                  253                  202
         8                    7                  472                  131
         9                    8                 1124                  -30
        10                    9                 2074                  -55
        11                   10                 2784                   49
        12                   11                 3107                  159
        13                   12                 3190                  229
        14                   13                 3190                  236
        15                   14                 3204                  213
        16                   15                 3253                  190
        17                   16                 3297                  174
        18                   17                 3368                  210
        19                   18                 3308                  296
        20                   19                 2880                  414
        21                   20                 2055                  445
        22                   21                 1248                  390
        23                   22                  745                  326
        24                   23                  585                  293
        25                   24                  584                  274
        26                   25                  598                  256
        27                   26                  540                  246
        28                   27                  473                  240
        29                   28                  421                  234
        30                   29                  409                  230
        31                   30                  429                  239
        32                   31                  422                  246
        33                   32                  404                  246
        34                   33                  371                  238
        35                   34                  370                  236
        36                   35                  376                  238
        37                   36                  361                  234
        38                   37                  331                  237
        39                   38                  311                  234
        40                   39                  314                  221
        41                   40                  334                  233
        42                   41                  334                  242
        43                   42                  313                  245
        44                   43                  291                  250
        45                   44                  274                  223
        46                   45                  274                  205
        47                   46                  290                  207
        48                   47                  283                  198
        49                   48                  273                  205
        50                   49                  260                  231
        51                   50                  228                  229
        52                   51                  229                  215
        53                   52                  257                  211
        54                   53                  248                  226
        55                   54                  257                  241
        56                   55                  252                  234
        57                   56                  257                  230
        58                   57                  253                  220
        59                   58                  275                  224
        60                   59                  269                  226
        61                   60                  255                  227
        62                   61                  256                  228
        63                   62                  256                  218
        64                   63                  255                  230
        65                   64                  262                  233
        66                   65                  260                  215
        67                   66                  248                  199
        68                   67                  242                  207
        69                   68                  250                  240
        70                   69                  273                  249
        71                   70                  261                  256
        72                   71                  259                  234
        73                   72                  239                  227
        74                   73                  266                  226
        75                   74                  248                  210
        76                   75                  245                  227
        77                   76                  241                  226
        78                   77                  235                  222
        79                   78                  245                  224
        80                   79                  252                  209
        81                   80                  258                  222
        82                   81                  252                  221
        83                   82                  247                  215
        84                   83                  240                  228
        85                   84                  228                  231
        86                   85                  243                  222
        87                   86                  231                  229
        88                   87                  224                  235
        89                   88                  212                  220
        90                   89                  208                  220
        91                   90                  203                  214
        92                   91                  218                  214
        93                   92                  244                  209
        94                   93                  249                  222
        95                   94                  251                  201
        96                   95                  258                  206
        97                   96                  260                  219
        98                   97                  241                  235
        99                   98                  231                  227
       100                   99                  234                  228
       101                  100                  244                  229
       102                  101                  263                  222
       103                  102                  243                  222
       104                  103                  225                  216
       105                  104                  226                  222
       106                  105                  230                  219
       107                  106                  250                  205
       108                  107                  256                  204
       109                  108                  246                  206
       110                  109                  231                  222
       111                  110                  232                  238
       112                  111                  239                  226
       113                  112                  241                  222
       114                  113                  248                  222
       115                  114                  243                  214
       116                  115                  252                  224
       117                  116                  252                  238
       118                  117                  264                  236
       119                  118                  254                  246
       120                  119                  241                  250
       121                  120                  250                  244
       122                  121                  254                  233
       123                  122                  255                  245
       124                  123                  255                  221
       125                  124                  252                  215
       126                  125                  242                  217
       127                  126                  252                  228
       128                  127                  244                  219
